0 275 148 34 162 39 296 300 430 302 307 185 192 193 67 454 72 332 461 80 337 212 470 473 347 220 94 351 362 236 248
1 391 13 275 163 37 298 46 305 181 54 193 449 195 451 69 325 200 210 481 98 230 238 243 376
2 137 394 269 270 271 24 282 155 160 418 428 174 436 182 440 449 322 325 197 331 80 341 216 225 363 368 244 124
3 270 150 26 414 164 167 172 301 174 48 51 444 329 468 222 97 101 492 113 371 244 121
4 1 391 135 139 142 146 151 408 296 46 434 440 57 189 322 67 327 461 85 86 470 473 357 369 371 117 252 253
5 132 265 137 405 280 286 416 161 164 173 174 49 308 58 65 194 196 325 457 463 468 340 341 92 351 359 233 365 119 376 383
6 2 7 138 140 398 20 24 155 417 290 36 175 178 180 438 440 441 58 67 325 331 333 337 341 357 487 104 364 112 247 255
7 256 344 421 295 40 455 42 247 273 498 308 246 23 150 26 187 285
8 384 385 387 271 273 157 293 169 178 64 196 198 72 204 486 359 232 244 250
9 387 17 145 156 160 419 42 50 200 333 336 344 89 221 231 233 107 236 237 245 123
10 128 1 258 4 135 275 284 285 286 420 41 305 311 60 195 338 471 223 357 381 371 253
11 257 258 396 152 289 43 177 436 311 187 61 452 326 462 85 473 345 348 224 483 363 112 248
12 1 7 137 269 16 168 40 296 428 429 431 179 448 195 451 324 75 332 465 217 224 483 103 106 250
13 134 265 147 20 409 287 35 292 295 43 427 431 179 311 443 444 74 204 205 78 79 85 353 482 485 237 497
14 384 38 424 41 428 174 302 50 307 447 197 453 70 456 201 454 199 460 329 207 468 342 94 484 102 110 246 120
15 132 134 390 141 143 272 16 277 157 424 172 46 65 463 85 214 362 366 496 113 248 252
16 386 389 6 395 271 274 408 409 25 156 157 36 297 429 178 182 62 323 68 328 329 346 92 223 232 233 107 366 497 498 376 250 123
17 388 5 262 263 134 17 275 405 291 36 167 297 169 426 45 55 442 187 59 322 453 69 72 331 335 339 97 483 486 238 242 115 244 120 378 126
18 256 262 395 399 272 151 39 45 179 56 447 64 450 198 455 81 354 100 489 376 122 124
19 256 138 144 19 148 278 279 164 294 303 52 311 312 194 327 74 203 77 206 82 218 475 348 221 486 359 489 234 238 240 375 253 126
20 268 140 282 27 412 30 433 56 64 324 197 455 332 460 83 468 92 222 223 226 98 104 380
21 390 134 271 144 403 23 408 409 283 286 420 167 42 179 314 200 203 338 340 90 351 99 498 377 126
22 5 270 409 154 287 48 49 304 50 180 53 442 189 322 66 454 200 75 206 233 116 254
23 256 257 394 411 293 304 52 181 57 59 187 62 453 70 199 72 335 211 87 477 487 364 244 379
24 261 266 144 23 279 280 154 36 293 172 55 57 445 62 450 327 329 335 339 357 231 361 369 381
25 386 262 267 400 17 416 34 419 292 420 173 429 308 61 320 67 457 343 223 480 361 367 371 254 383
26 385 257 12 20 407 294 167 424 428 303 435 179 181 72 456 330 464 83 84 360 493 494 247 377
27 257 131 266 150 151 25 27 285 418 421 429 306 50 309 186 320 64 193 451 330 203 78 83 340 88 476 480 226 106 239 113 383
28 266 148 21 276 408 24 154 282 431 309 452 69 196 457 334 463 465 337 468 471 218 347 477 223 226 234 363 108 495 250
29 0 386 7 22 408 159 288 287 31 418 419 38 171 434 182 58 349 479 481 104 362 108 494 367 240 245 252 126
30 259 390 394 146 408 410 411 161 433 437 443 444 61 448 195 455 338 220 476 354 235 374 376 122 379
31 449 100 197 456 393 360 76 13 79 80 370 341 118 375 281 122 155 93
32 128 2 265 405 149 24 410 160 167 300 301 429 435 181 62 190 446 194 328 74 76 464 473 351 480 106 491 237 242
33 32 353 194 99 3 455 73 394 203 426 12 111 432 339 246 471 90 479
34 390 391 11 269 398 401 157 161 418 44 303 58 62 66 195 463 469 345 102 232 491 122
35 98 3 452 217 166 135 487 300 365 142 79 205 497 111 249 187
36 270 17 274 22 421 425 300 438 319 456 457 84 471 347 485 486 242 372 248 122
37 2 271 274 408 417 299 43 306 308 189 317 72 208 82 341 219 98 99 355 237 114 244 126
38 350 99 195 478 201 73 106 332 206 111 399 182 343 248 250 124 62
39 4 262 135 269 14 144 16 404 277 151 296 174 309 183 58 189 65 205 334 463 465 82 217 98 100 358 119 377 378
40 4 8 268 271 274 21 150 285 287 291 435 51 437 57 69 325 74 75 85 344 476 221 480 492 493 242 377 124 125
41 384 133 392 10 11 274 20 282 284 165 41 303 178 311 184 441 313 62 448 450 328 456 86 342 227 230 104 238 114 122 254
42 1 16 278 24 31 33 43 45 46 177 183 441 190 211 469 348 484 363 239 379 127
43 4 261 390 395 277 406 279 150 22 418 421 168 176 432 446 64 74 84 469 90 347 486 363 115 123
44 141 149 300 304 178 311 187 61 445 322 453 455 466 473 93 232 106 365 110 243
45 6 11 139 403 22 280 30 164 165 428 177 434 53 442 187 445 318 191 74 469 92 350 224 98 357 358 231 490 240 497 371
46 392 395 278 407 406 279 28 33 418 419 420 180 182 185 60 61 451 323 327 72 457 206 215 474 90 346 349 361 234 499 375 248 254
47 135 270 398 149 25 412 159 288 34 420 424 41 171 44 45 433 54 313 460 338 342 475 219 108 245
48 69 453 261 102 249 236 172 303 274 402 245 438 215 89 445
49 160 131 163 165 133 313 392 9 103 207 144 17 51 53 214 249 252
50 134 392 9 158 288 417 35 45 179 309 313 191 194 71 73 460 205 78 466 476 352 485 488 374 247 248
51 128 0 14 143 18 403 408 285 418 43 311 184 57 444 316 318 321 330 468 88 345 223 101 487 104 496 369 248
52 384 262 279 280 284 165 172 432 181 186 332 214 348 481 491 493 239 368 113 380 379 124 255
53 3 133 7 145 18 414 294 39 169 298 43 302 306 436 437 311 312 446 69 454 460 217 480 101 233 116 119 120 253
54 134 262 390 269 142 143 17 402 278 279 24 36 423 426 183 184 59 60 318 452 200 201 202 75 77 334 84 473 474 346 479 357 486 232 363 369 497 121 123 124 126
55 1 5 10 400 147 149 279 168 297 301 45 435 184 315 446 70 209 211 470 218 94 233 489 492 367 247 382
56 256 259 389 138 142 143 399 273 274 400 414 160 288 162 420 167 39 429 177 56 185 443 449 325 330 84 227 357 361 239 241 243 382
57 129 130 259 402 423 45 54 312 57 204 76 462 79 333 81 348 220 99 497 245 379
58 130 135 270 278 158 161 295 297 431 303 176 50 316 192 198 329 74 332 463 212 214 342 474 115 119 253 127
59 5 393 397 143 146 20 151 25 30 160 169 177 437 188 327 481 226 485 492 366 495 241 498 497 376 127
60 257 138 151 282 413 42 43 302 176 49 441 323 72 456 210 82 84 346 476 229 240
61 384 3 389 262 9 400 402 146 154 155 157 31 425 44 50 437 54 310 440 182 65 325 73 333 207 468 224 491 117 119 252 253
62 257 391 392 150 24 154 411 30 414 416 418 423 167 43 172 52 314 67 454 79 210 91 100 484 495 498 376 121 124
63 132 7 142 271 19 281 166 427 171 173 175 438 184 186 447 197 454 455 202 465 83 467 92 480 97 233 366
64 263 265 395 156 420 40 297 170 55 440 444 199 202 81 211 213 477 95 484 358 493 111 247
65 260 265 269 146 403 276 405 152 281 286 160 289 163 39 427 184 186 197 462 478 224 97 100 101 239 371
66 134 138 270 419 426 43 427 173 171 311 58 193 454 329 75 331 462 334 342 86 472 473 343 477 229 106 493 240 499 379
67 8 265 9 13 155 162 304 312 441 189 195 452 454 73 213 344 89 474 94 224 98 359 487 105 231 240 115 378 379
68 397 399 274 146 154 31 161 167 173 301 46 437 314 315 60 188 455 327 73 75 332 331 81 338 468 344 92 349 223 229 108 237 117 123
69 386 403 290 420 37 167 43 173 429 304 49 315 67 196 203 340 85 87 219 225 107
70 258 398 274 275 32 425 181 66 195 330 332 85 350 478 227 359 103 361 368 243 254
71 257 387 13 409 411 420 167 297 432 434 180 57 63 67 71 205 78 463 77 86 91 98 367 377
72 256 142 414 421 295 424 173 430 175 180 310 313 196 460 81 337 87 487 233
73 8 138 271 143 164 422 38 296 44 429 303 435 180 309 318 323 68 197 464 466 85 341 344 354 106 365 367 127
74 384 5 6 133 8 261 140 274 147 158 288 32 420 168 430 177 443 316 318 193 77 208 211 339 220 94 352 376 493 120
75 448 449 450 350 483 384 318 73 74 144 337 82 339 243 466 20 118 222
76 129 7 265 140 400 403 286 31 38 424 169 49 58 444 74 76 461 79 215 471 345 93 225 102 490 241 369
77 388 153 282 417 35 420 297 42 178 436 58 315 189 318 333 212 96 352 354 235 236 493 119 122
78 384 392 9 137 139 13 271 16 29 289 35 175 433 192 450 202 75 459 79 340 468 476 485 232 246 118 125
79 256 257 385 265 10 13 275 158 36 40 174 433 177 434 439 186 445 448 71 337 83 212 86 472 476 481 354
80 259 8 402 407 24 409 414 416 293 167 424 43 191 64 449 194 73 465 466 83 477 485 360 493 378
81 256 128 392 273 283 160 36 169 41 431 312 316 323 324 332 207 340 104 232 369
82 388 390 392 264 138 397 398 400 402 408 288 421 423 424 297 43 430 47 181 310 444 192 329 479 481 97 99 226 486 359 233 374 251
83 128 260 392 10 273 146 412 163 167 295 433 440 58 196 73 209 83 215 480 98 228 491 493 495 499
84 128 129 2 263 271 19 23 289 164 423 45 52 437 443 60 445 446 328 73 86 99 486 231 488 237 116 123 382 127
85 258 265 141 269 397 16 401 144 273 279 414 416 421 298 54 311 69 453 202 459 86 214 344 218 99 102 231 112 496 242 114 244 115 240 381
86 6 142 15 403 169 45 50 435 182 183 315 209 210 467 215 249 487 105 364 245 247 377 378 124
87 8 276 410 289 418 162 36 291 432 325 73 329 74 204 344 476 98 229 486
88 258 4 392 393 10 141 143 17 409 417 165 171 172 179 52 180 55 442 194 69 454 200 74 75 87 221 224 102 360 370 117 246
89 1 133 136 270 146 161 290 429 432 436 439 447 452 330 332 343 471 490 363 235 114 127
90 3 387 139 395 270 16 401 423 433 436 314 316 321 67 328 457 74 214 87 216 220 353 97 100 104 365 114 243
91 1 129 264 24 281 410 411 26 159 49 178 438 190 66 323 326 456 457 208 212 476 348 221 220 481 484 103 487 489 373 246 247
92 11 272 156 160 293 170 44 307 311 55 325 206 79 83 85 473 346 100 233 489 366 238 117 252 255
93 391 12 143 290 165 172 304 317 326 205 333 462 210 217 92 225 356 105 490 492 239 371 254
94 7 136 151 285 36 296 169 170 425 44 306 307 435 179 72 456 74 208 85 348 477 222 489 491 241 379
95 3 260 391 8 268 401 146 147 275 154 29 418 419 169 44 435 181 56 313 317 65 331 335 471 87 365 238 243 244 120 125
96 128 1 130 10 140 15 271 148 408 417 418 41 297 172 177 306 54 56 65 200 462 79 337 351 482 99 498
97 384 259 7 268 36 294 40 426 316 448 65 325 461 77 463 208 470 356 230 231 232 364 111 370 116 255
98 387 145 23 287 290 169 174 305 49 307 185 59 65 196 458 332 77 339 347 476 96 228 357 107 369 371 373
99 257 3 137 12 15 407 282 283 290 36 293 45 196 197 70 204 477 478 357 108 367 370 373 246 375 250 254
100 67 4 36 135 458 91 206 302 336 80 14 305 341 122 379 446
101 0 266 140 144 278 154 411 32 419 292 37 41 49 307 318 193 452 329 459 76 331 336 209 212 472 88 91 93 355
102 259 260 141 24 168 178 184 319 192 452 197 198 205 463 468 341 223 103 239 496 241 254
103 384 4 134 267 13 271 145 403 410 413 31 160 289 302 47 432 314 443 446 325 454 77 464 337 340 119
104 389 264 142 271 23 281 283 298 307 185 319 451 452 459 207 336 344 350 228 367 243 116 378 125
105 258 137 276 406 279 153 155 285 291 293 39 45 49 309 449 332 205 88 90 477 101 362 116 245 379 380
106 129 387 10 144 20 280 413 32 418 419 165 299 307 438 439 314 64 331 332 208 81 82 338 351 225 482 226 358 103 232 493 496 241 371 117
107 389 9 10 396 402 20 27 283 287 169 48 441 442 188 451 199 457 209 224 492 239 117
108 352 162 471 102 136 59 170 140 50 147 498 85 52 151 435 186 315 60
109 4 261 137 14 403 154 285 415 33 296 427 439 455 200 339 87 90 480 481 364 492 368 114 125 381
110 2 262 10 12 13 19 404 28 30 159 290 36 37 432 49 308 310 185 58 187 449 450 69 72 200 203 75 205 80 208 89 475 476 93 94 356 231 488 361 491 243
111 133 16 401 152 153 287 32 31 38 169 176 177 313 59 316 62 63 323 461 78 335 474 103 234 254
112 1 3 133 8 396 143 16 405 152 158 36 298 46 51 61 193 330 75 204 464 473 89 359 361 362 235 240 250
113 266 283 284 30 419 295 43 308 67 459 462 88 484 487 362 235 378 368 244 250 255
114 385 8 396 402 146 408 280 162 166 167 427 429 303 181 66 457 203 466 82 340 84 342 215 347 349 358 488
115 131 263 12 274 280 37 45 302 49 180 444 445 327 200 337 342 221 489 364 496 113 255
116 257 263 264 270 151 27 162 164 40 45 48 181 183 56 57 60 322 68 456 73 458 76 460 336 467 84 86 215 89 93 95 487 105 497 242 120 126 251 254
117 4 144 408 153 281 163 45 430 449 325 456 331 459 334 346 351 481 226 102 240 368 115 254 127
118 134 135 262 148 284 158 291 440 190 63 195 456 209 343 89 346 224 97 354 484 109
119 5 400 144 275 405 406 157 418 297 430 178 56 60 444 63 322 197 462 210 87 473 477 484 491 366 111 247 249
120 128 135 264 398 405 280 291 169 428 431 432 447 451 460 78 208 85 95 480 100 230 109 238
121 1 2 261 10 144 272 152 409 292 304 434 187 449 196 202 462 477 483 485 235 497 374 375 379 252 126
122 391 138 144 19 405 283 286 161 44 303 433 59 443 328 469 350 356 486 232 362 125
123 0 1 274 149 23 25 153 410 412 30 158 288 33 418 435 76 78 464 351 224 485 233 361 490 114 375 250 380
124 128 7 394 267 12 27 161 290 167 168 46 430 174 314 323 68 358 108 365 368 112 245
125 32 2 291 453 455 364 15 442 275 404 55 183 280 186 412 319
126 263 16 154 286 162 424 169 431 303 304 317 446 455 328 464 341 86 94 227 359 364 237 116 374 120 124 255
127 130 258 392 264 272 400 286 416 161 290 293 39 173 430 435 337 342 217 346 475 353 236 365 496 369
128 384 129 256 261 5 264 398 276 404 22 282 410 157 295 168 169 41 431 48 49 182 62 70 72 76 81 467 213 89 230 495 245 374
129 3 14 270 144 18 30 167 424 301 305 311 444 192 325 462 80 340 342 87 349 350 486 364 499 381
130 398 14 25 162 422 167 296 170 431 187 190 202 332 209 468 85 356 367 497 243 117 377
131 256 269 150 278 35 425 45 179 314 69 200 81 85 216 94 100 486 234 498 383
132 1 3 259 136 270 271 146 151 152 29 293 168 41 298 174 453 87 92 223 96 352 97 354 109 244 123 380 255
133 261 135 264 267 397 13 152 285 30 421 428 177 438 439 312 187 190 321 451 199 202 84 94 478 488 490 107 367 117 246 119 251
134 384 386 137 268 16 19 163 427 45 433 178 181 444 317 447 452 69 82 472 220 101 488 363 250
135 386 133 6 135 136 139 140 16 400 147 276 281 413 36 424 169 191 204 85 86 90 92 356 357 107 498 116 248
136 258 265 394 140 278 162 303 433 53 182 316 75 211 472 349 351 485 230 103 359 490 494 242 373 379
137 385 269 275 149 278 152 281 161 420 302 303 309 58 59 188 326 222 484 358 105 108 499 377 253
138 256 138 273 23 283 289 35 166 296 47 175 49 53 57 443 62 448 197 202 203 337 343 346 219 98 231 361 236 494 373 117 375 377
139 136 12 279 292 295 298 426 447 79 467 344 219 95 231 103 105 251 241 113 123
140 386 260 267 403 150 28 412 424 47 306 54 59 188 190 69 464 343 346 91 102 487 496 371 115 119 121 250 124
141 3 14 402 147 410 156 157 286 159 416 161 39 167 300 47 305 188 192 193 326 340 342 492 498 251
142 129 130 391 141 274 152 29 35 435 189 321 322 452 75 76 336 209 215 97 104 233 490 491 369 255
143 7 9 397 151 281 26 420 294 174 437 311 189 61 454 73 460 205 80 98 356 360 490 117 118 375 248
144 6 12 405 280 25 35 420 300 307 183 68 332 80 337 466 210 213 470 87 92 229 368 240 115 247 377 122 383
145 387 139 271 277 407 27 289 293 423 428 45 300 433 180 437 438 312 186 196 76 466 213 469 216 347 225 100 102 231 114
146 385 390 147 19 405 154 283 285 429 304 183 440 193 70 456 333 463 212 214 215 473 96 236 365 111 112 382
147 131 261 5 139 21 407 430 431 51 181 183 185 444 445 72 205 338 212 213 214 94 357 487 361 234 365 373 374 125 383
148 134 397 149 155 283 413 444 446 451 325 82 210 340 214 471 472 223 486 108 237 367 372 249 123 253 126 127
149 384 388 7 392 10 139 268 142 143 144 400 22 406 421 295 427 48 305 436 437 441 188 189 448 65 66 330 78 207 85 214 232 490 379
150 386 130 6 270 399 400 20 279 152 409 162 297 179 52 182 458 204 78 466 343 476 477 223 249 101 488 377 114 374 121 253
151 259 11 13 402 277 22 150 283 412 163 431 308 180 58 445 194 199 331 461 82 338 212 344 347 475 488 105 234 492 114 115 126 382
152 3 4 6 265 140 141 143 147 21 26 284 158 287 160 161 163 426 315 446 64 449 66 197 326 71 329 203 334 86 214 477 222 480 362 494 371
153 128 257 67 259 5 38 229 454 7 453 421 210 115 52 180 345 223
154 260 6 138 402 152 300 312 314 318 449 194 197 204 460 76 213 85 470 344 93 94 224 484 231 242 374 377
155 0 5 8 139 13 14 155 157 416 171 46 433 314 62 461 79 344 216 347 353 113 254
156 260 389 8 394 399 275 19 149 160 290 293 429 305 311 441 188 445 317 194 453 454 83 349 93 483 488 489 366 113 115 120
157 256 388 20 279 286 287 47 308 60 193 199 208 338 86 220 224 498 499 252 255
158 267 21 287 159 291 175 432 49 312 451 71 206 207 80 210 215 222 226 101 361 236 113
159 384 388 134 392 265 395 33 162 294 169 177 178 310 183 61 319 447 457 206 470 92 352 227 496 127
160 257 262 136 137 269 142 404 21 413 161 166 423 172 301 304 51 438 183 316 65 194 69 347 349 353 354 97 233 367 112 249 382
161 257 132 271 272 401 19 287 294 425 49 456 331 76 466 211 219 222 353 98 108 365 111 253
162 130 386 134 14 36 167 42 437 53 438 55 191 63 451 69 78 80 82 218 91 95 360 104 370 242 121 122 253
163 5 136 8 394 399 403 164 422 299 438 440 185 319 65 466 93 97 363 497 254 383
164 386 387 138 267 144 16 18 401 29 159 416 417 293 424 44 304 177 440 59 444 192 448 66 334 83 474 220 103
165 392 398 403 152 285 290 294 172 48 312 185 188 320 452 454 71 83 467 470 249 125 382
166 1 7 268 269 273 402 27 285 40 59 316 191 63 322 72 80 209 466 228 484 486 490 239 111 114 119
167 392 394 266 270 15 400 401 146 20 408 283 29 161 33 39 52 313 57 193 324 334 476 95 354 362 112 246 119 381
168 387 390 12 270 406 415 32 433 439 315 192 325 89 92 96 231 104 360 381
169 385 22 291 38 171 53 57 442 70 199 332 78 337 466 341 471 474 359 362 499 372 123 380 125 127
170 1 7 264 395 396 25 163 40 431 48 175 178 54 56 316 193 452 324 70 201 206 208 85 221 101 239 253
171 135 393 400 145 153 290 36 165 50 318 194 76 471 474 93 480 96 354 228 101 489 370 499 374 120
172 129 389 390 139 400 26 285 294 43 313 69 72 461 336 215 343 238 122 381
173 384 389 264 269 17 274 282 284 29 159 290 164 421 303 57 443 316 320 195 198 217 473 345 95 376 230 359 360 358 234 492 237 120 251 126 255
174 129 386 263 137 139 272 144 280 33 38 427 433 178 196 69 204 461 210 91 93 350 250 124 381 126
175 0 388 133 263 395 21 156 287 171 49 305 178 180 182 187 335 223 363 123
176 3 5 134 396 145 274 407 411 284 283 415 291 174 179 439 70 72 200 201 332 338 211 473 223 224 228 108 239 114
177 135 392 16 17 147 24 412 285 30 38 424 442 445 64 449 453 71 458 80 81 345 232 494 497 117 118 247 249 251
178 128 13 14 403 152 154 296 44 431 305 445 448 321 207 336 474 91 94 226 487 104 110
179 384 282 414 286 165 166 426 170 308 184 188 446 324 453 328 74 82 210 470 345 91 97 488 105 493 124 126
180 132 4 267 20 25 154 168 302 55 441 190 452 328 79 467 484 361 492 124 125 254
181 129 257 137 139 145 280 162 292 39 300 182 61 446 447 320 331 208 213 470 342 347 93 103 234
182 138 272 277 423 430 52 312 204 77 211 218 220 222 350 358 359 230 496 246 124
183 64 225 258 420 485 70 298 395 14 114 19 119 254 151 217 349 222
184 3 261 393 400 274 21 407 26 301 55 440 444 447 449 70 455 465 354 233 496 376
185 0 384 393 395 16 144 276 407 280 283 31 34 35 424 173 45 434 52 309 310 58 444 64 450 324 197 75 218 475 223 224 483 103 240 498 375
186 385 129 4 7 264 271 280 161 421 423 299 174 302 432 434 435 180 314 66 325 199 76 461 82 339 350 96 353 230 231 234 494 238 239 114 374 253
187 128 13 18 149 152 25 283 285 290 419 41 173 49 434 309 55 185 197 326 200 328 206 470 218 219 108 110 116 252
188 257 389 392 9 11 142 401 273 419 293 171 183 185 186 314 452 197 198 455 456 327 338 210 468 217 91 247 478 479 357 119 380 252
189 13 141 403 406 150 411 414 160 36 423 43 173 46 189 324 454 461 80 211 84 344 101 485 108 496 369 253 255
190 396 398 270 146 22 409 160 289 164 424 171 306 439 440 315 191 453 198 71 331 79 209 84 90 226 111 242 374 120 126
191 130 261 263 10 276 22 407 410 160 43 175 195 196 208 467 478 97 102 106 112 378 383
192 259 131 7 268 270 401 405 278 289 290 295 168 50 313 62 324 199 456 206 80 464 219 477 492 108 243
193 261 394 266 270 400 150 280 414 286 164 422 41 44 56 63 458 75 78 209 211 349 484 486 232 235 367 240 371 244 247 380
194 128 259 391 398 143 401 275 31 44 176 50 434 179 62 66 460 472 351 225 353 226 112 377 127 255
195 261 389 263 399 143 407 154 288 425 178 434 443 62 69 71 72 204 336 341 350 482 106 111 121
196 387 132 7 144 22 290 419 296 449 456 457 459 334 344 94 479 228 357 484 105 499 125 126
197 396 140 401 149 22 406 167 171 445 190 321 68 329 331 463 346 350 102 490 368 496 127
198 256 262 10 395 145 30 160 51 197 456 200 83 84 342 345 475 221 98 358 241 115 376 122 123 125
199 132 10 273 401 275 404 405 153 165 424 48 49 434 435 438 56 313 447 328 462 79 338 341 217 345 106 363 368
200 257 3 5 414 426 173 437 450 327 455 80 337 471 215 346 226 486 234 494 497 369 247 123 253 127
201 258 10 275 20 26 287 289 290 309 319 330 467 340 87 473 349 223 483 360 368 379 254
202 133 144 274 25 412 413 157 159 32 161 291 52 309 310 308 56 54 445 190 196 326 204 461 463 208 83 90 97 358 359 360 362 110 368 242 244 117 373 119 248
203 262 141 17 405 285 415 36 166 298 435 181 191 324 81 211 474 219 476 94 227 359 104 491 496 383
204 130 131 388 150 411 291 45 47 49 185 315 188 191 448 454 332 206 472 91 222 226 482 366 239 367 245
205 7 398 271 14 142 154 34 177 305 437 54 438 312 185 191 67 200 458 206 462 464 469 214 488 373 253
206 256 131 268 142 403 282 155 289 293 422 43 312 185 187 190 321 193 194 72 463 80 339 344 89 477 99 100 241 497 113 117 251
207 258 259 393 267 268 150 26 417 34 420 295 427 431 444 189 210 357 101 106 243 378 255
208 258 6 7 275 152 283 28 284 162 34 310 190 449 322 324 325 456 336 339 343 225 101 357 105 236 379 124
209 388 134 6 400 272 145 401 154 419 425 302 53 56 317 462 84 343 89 484 229
210 129 258 382 7 391 394 11 139 14 399 273 161 39 425 298 175 47 51 184 187 59 191 449 326 328 458 211 213 90 475 481 377 253 254
211 255 391 400 275 278 154 415 42 428 173 47 431 51 318 197 329 77 220 223 102 487 361 242 375 127
212 269 284 165 430 56 446 449 72 332 335 337 467 83 345 347 356 103 487 104 363 379 124
213 391 154 411 166 174 54 55 56 60 322 79 469 89 224 229 102 233 490 107 365 374
214 0 388 134 270 14 401 277 278 22 410 415 417 289 421 294 40 432 50 51 179 311 69 328 456 200 204 341 214 481 104 362 109 243 122
215 384 5 134 262 392 398 36 420 295 427 306 307 55 320 74 203 468 214 343 86 95 484 233 244 121 255
216 128 261 395 410 33 430 46 181 64 194 197 204 208 471 93 226 355 101 231 379
217 256 390 393 12 23 27 158 418 163 292 40 428 304 310 54 56 320 193 66 73 209 223 488 111 376 123
218 389 14 404 407 282 284 424 170 171 45 47 310 311 440 317 64 196 324 205 334 342 349 478 352 98 482 488 233 361 377 254
219 384 261 266 141 146 19 281 28 36 299 428 434 437 57 194 456 330 82 86 477 123 109 110 367 125 119 251 381
220 129 13 399 25 27 288 33 289 38 51 183 315 320 328 76 333 79 87 215 93 480 486 487 499 244
221 384 386 136 274 27 411 413 416 418 296 174 176 57 320 459 76 213 341 93 350 96 103 368 242 243 123
222 387 132 394 270 274 403 402 154 283 30 415 40 426 301 429 175 47 178 316 203 79 225 481 483 492
223 261 262 134 279 157 414 423 55 441 443 188 192 75 84 220 96 481 227 488 489 363 491 239 115
224 388 8 265 137 144 148 279 409 29 30 423 427 428 176 306 183 313 57 321 450 201 461 211 346 221 97 355 227 360 365 239 249
225 477 419 363 364 236 110 331 464 401 17 139 115 439 221 61 350
226 257 393 267 19 422 168 41 42 430 50 310 56 316 83 342 470 93 480 226 495 242 371
227 138 11 16 18 27 158 286 164 40 173 313 191 323 466 469 471 475 221 103 105 112 117
228 262 138 143 271 147 21 414 34 165 295 427 172 428 47 179 441 58 63 72 75 205 336 208 341 470 215 219 351 100
229 391 16 275 405 21 280 282 28 156 34 39 170 173 430 47 301 312 189 190 68 454 328 201 473 219 92 348 354 100 101 115 372 246
230 391 19 279 281 412 432 305 436 182 312 67 195 325 207 80 466 485 102 363 114 372 373
231 131 9 393 403 21 279 28 421 422 426 171 172 428 48 433 53 56 57 441 316 317 322 196 213 476 227 361 114 370 383
232 129 395 267 283 422 179 309 317 320 202 332 468 85 487 105 106 238 495 496 375 123 252
233 265 400 406 279 25 410 164 39 433 50 186 314 191 457 201 333 467 344 220 358 104 233 495 372 123
234 257 386 4 388 262 392 268 400 19 36 428 432 50 436 313 67 461 90 482 361 490 109 374
235 388 392 265 267 268 31 173 176 178 52 437 193 196 71 337 468 342 219 247 357 232 379 119 376 121 123 125
236 265 394 12 148 404 22 415 295 169 46 306 56 323 455 74 205 206 468 91 95 484 487 366 374 382
237 6 10 398 272 20 24 25 35 291 165 423 296 425 431 433 179 438 442 447 69 455 328 329 207 210 469 213 352 356 101 248 121 250
238 0 1 130 387 136 10 141 401 151 32 166 295 432 182 439 62 63 448 67 77 209 467 84 469 88 226 357 359 366 113 242 125
239 256 130 391 277 410 163 35 424 48 181 59 316 193 450 458 332 213 470 492 365
240 8 396 13 147 21 278 407 283 292 294 430 49 308 436 312 184 443 195 453 335 472
241 0 1 8 265 281 412 288 418 38 299 44 53 187 74 209 343 347 351 226 236 238 370 116 246
242 130 135 267 140 400 272 147 403 411 158 287 159 286 34 416 420 40 170 431 432 178 434 436 54 185 187 320 67 205 77 211 93 484 495 497 370 118 254 124 126
243 271 143 277 408 410 157 159 162 163 443 323 205 338 347 94 351 353 103 363 495
244 128 264 393 11 274 148 21 291 294 300 435 452 453 328 74 333 334 210 338 339 87 480 99 486 103 359 106 494 245 120 121 379 382
245 385 131 7 8 394 270 147 161 290 294 442 444 191 450 456 343 88 97 483 254 255
246 257 259 7 288 163 420 423 430 57 185 59 319 449 71 85 87 99 360 363 108 494 367 245 118 249
247 257 18 152 27 414 415 288 422 45 49 310 448 208 337 465 346 224 107 494 111 119
248 132 146 275 147 405 23 151 26 414 430 175 184 63 327 459 462 86 345 475 92 358 489 497 247 121 379
249 260 136 397 270 20 23 410 28 29 158 162 37 421 305 306 196 70 331 465 347 228 486 232 370 371 250
250 224 384 162 321 455 107 108 331 47 246 119 87 89 219 95
251 386 16 19 421 298 426 56 185 62 193 331 205 78 463 207 85 98 229 489 362 106 363
252 256 259 263 18 19 404 278 160 289 425 41 171 177 178 308 437 56 313 444 193 322 66 65 70 76 206 208 339 475 485 109 373 246 248 378
253 129 388 10 271 402 148 281 285 33 165 171 430 177 310 187 195 83 219 92 224 233 109 120
254 0 258 132 5 136 276 27 287 288 34 168 171 427 303 433 440 445 448 325 76 77 82 92 221 478 350 99 109 499 244 249
255 395 402 32 165 294 424 300 429 173 304 438 311 319 323 202 464 208 347 476 489 494 495 373
256 262 13 405 279 409 411 417 161 289 34 431 461 208 466 211 473 228 358 103 233 490 108 114 373 377
257 263 7 11 146 153 26 34 169 308 186 64 325 455 457 459 333 210 345 106 366 368 245
258 387 388 3 394 396 162 163 167 427 175 180 52 56 184 193 321 196 204 474 96 484 230 103 358 361 373 250 124
259 1 268 140 27 156 291 297 300 305 306 177 55 439 56 190 63 322 338 340 213 342 472 480 354 485 364 495
260 256 262 140 12 278 152 282 287 419 297 307 54 56 446 321 324 73 330 76 465 221 233 492 110 118 127
261 384 258 263 396 269 20 151 417 162 294 295 430 176 314 63 197 199 75 204 337 469 91 94 230 234 492 236 369 244 247 253
262 129 135 264 11 16 18 280 155 159 419 167 169 431 55 447 320 82 94 357 106 364 367 371 252 499 254 123 124 126
263 128 129 258 259 5 140 20 422 175 53 58 189 192 323 328 460 214 474 218 226 228 485 361 109 369 372 373 248 377
264 387 259 263 397 145 274 275 407 24 409 291 167 168 427 320 322 195 326 71 208 467 341 350 352 224 99 491 237 368 114 120
265 385 396 141 15 404 285 30 288 34 180 444 63 80 220 479 356 488 233 116 382
266 257 258 172 437 187 188 63 331 332 340 212 90 91 347 354 482 356 489 365 237 243 244 119 381 254
267 390 6 396 150 38 427 306 309 438 319 321 69 71 457 204 78 208 209 211 341 89 352 225 229 358 232 241 498 245 118
268 384 5 8 275 412 285 289 419 167 41 437 58 187 60 449 73 206 87 219 236 110 242 371
269 3 133 137 9 138 399 411 32 37 295 42 174 178 311 56 314 196 85 471 88 352 225 237 493 495 238 116 247 253
270 2 133 141 143 148 276 406 153 289 163 39 308 180 447 194 464 470 471 104 106 236 496 122 126 127
271 387 10 141 399 19 277 28 30 32 164 296 41 168 427 173 56 441 319 447 65 194 453 81 215 217 90 225 227 357 103 116 376 382
272 387 4 8 265 392 271 148 408 281 34 291 423 172 444 196 466 468 87 221 354 226 235 364 498 118 253
273 257 402 151 415 169 428 434 308 447 320 199 205 78 348 479 352 100 231 106 365 495 114 118 249 250 380
274 2 133 7 9 139 144 274 155 159 290 418 36 46 174 175 306 307 179 312 185 315 316 70 94 102 486 232 121 251 124 254
275 386 131 4 7 265 266 160 43 302 314 449 329 202 75 205 467 84 470 471 484 490 365 109 113 382
276 3 396 141 153 28 284 170 298 430 175 433 178 180 319 192 65 456 460 341 347 349 354 228 359 107 364 368 251
277 256 5 7 394 269 400 144 273 409 292 167 426 427 430 52 438 314 444 319 68 199 331 79 208 217 90 93 357 233 363 253
278 143 281 417 420 423 302 50 435 436 182 185 192 322 451 72 330 85 470 475 219 229 362 363 239 122 127 255
279 0 4 8 265 394 267 277 407 154 411 412 35 36 294 298 302 442 192 69 70 71 339 214 220 99 356 231 497 373 124
280 130 3 5 282 411 412 158 416 171 44 51 315 189 320 196 203 77 465 211 343 344 217 232 365 110 246 120 378
281 13 401 155 412 296 300 48 49 438 182 313 191 448 322 199 201 202 78 464 210 349 222 353 355 231 235 492 493 110 376 380
282 384 4 403 151 158 35 164 420 299 435 436 185 187 188 61 318 201 462 338 84 341 89 101 361 112 373 251 382
283 401 402 405 25 33 293 48 51 313 443 197 70 464 212 345 219 95 229 103 115 118 123
284 140 16 152 410 171 55 447 63 191 324 333 82 83 472 216 474 348 222 94 352 226 101 487 490 245 125
285 385 265 148 278 34 162 419 421 173 180 187 191 324 327 74 334 212 216 90 486 365 237 113 242 243 376 383
286 148 150 279 412 38 295 422 300 46 430 305 51 186 446 321 458 331 77 335 81 338 217 350 480 359 234 491 366 243 376
287 4 5 283 34 419 423 40 168 173 434 54 55 312 441 62 192 459 80 349 104 234 494 372 245 120
288 128 156 33 420 300 185 324 454 459 205 468 87 89 218 480 486 360 237 494 367 371 127
289 385 6 141 153 159 416 162 37 40 300 178 314 317 450 68 330 334 339 471 472 478 98 101 102 487 235 370 498
290 413 419 36 165 422 425 43 53 443 59 189 74 75 334 468 214 88 94 483 100 357 103 233 236 370 373 253 126
291 131 17 146 34 35 294 303 304 47 181 182 311 69 76 205 466 220 96 353 101 243
292 141 270 148 407 281 154 425 300 432 176 188 448 196 327 474 347 220 477 351 367 498 376 377
293 256 261 390 268 145 274 285 160 442 188 318 72 201 458 330 77 469 91 350 240 241 244 246 247 251 380
294 5 13 277 407 152 30 286 289 34 292 421 168 57 61 192 322 324 325 83 469 214 474 95 480 225 100 109 366 382
295 138 146 148 283 160 426 430 302 305 444 64 320 454 78 341 87 96 358 233 106 241 498 126
296 5 399 40 169 42 426 428 173 45 430 308 437 62 64 65 71 208 338 346 477 480 228 486 103 489 108 369 114 119 376 249
297 385 391 136 266 395 12 273 18 280 29 297 181 439 196 70 208 81 89 220 352 98 482 104 244 246 119 381
298 4 11 150 286 34 162 169 298 428 179 181 184 57 77 209 345 220 355 236 250 123 383
299 389 403 415 39 426 304 311 187 192 193 322 68 75 203 334 87 88 217 351 95 367 120 123 253
