org_id remap_id
1 0
2 1
3 2
4 3
5 4
6 5
7 6
8 7
9 8
10 9
11 10
12 11
13 12
14 13
15 14
16 15
17 16
18 17
19 18
20 19
21 20
22 21
23 22
24 23
25 24
26 25
27 26
28 27
29 28
30 29
31 30
32 31
33 32
34 33
35 34
36 35
37 36
38 37
39 38
40 39
41 40
42 41
43 42
44 43
45 44
46 45
47 46
48 47
49 48
50 49
51 50
52 51
53 52
54 53
55 54
56 55
57 56
58 57
59 58
60 59
61 60
62 61
63 62
64 63
65 64
66 65
67 66
68 67
69 68
70 69
71 70
72 71
73 72
74 73
75 74
76 75
77 76
78 77
79 78
80 79
81 80
82 81
83 82
84 83
85 84
86 85
87 86
88 87
89 88
90 89
91 90
92 91
93 92
94 93
95 94
96 95
97 96
98 97
99 98
100 99
101 100
102 101
105 102
106 103
107 104
108 105
109 106
110 107
111 108
112 109
113 110
114 111
115 112
116 113
117 114
118 115
119 116
120 117
121 118
122 119
123 120
124 121
125 122
126 123
127 124
128 125
129 126
130 127
131 128
132 129
133 130
134 131
135 132
136 133
137 134
138 135
139 136
140 137
141 138
142 139
143 140
144 141
145 142
146 143
147 144
148 145
149 146
150 147
151 148
152 149
153 150
154 151
155 152
156 153
157 154
158 155
159 156
160 157
161 158
162 159
163 160
164 161
165 162
166 163
167 164
168 165
169 166
170 167
171 168
172 169
173 170
174 171
175 172
176 173
177 174
178 175
179 176
180 177
181 178
182 179
183 180
184 181
185 182
186 183
187 184
188 185
189 186
190 187
191 188
192 189
193 190
194 191
195 192
196 193
197 194
198 195
199 196
200 197
201 198
202 199
203 200
204 201
205 202
206 203
207 204
208 205
209 206
210 207
211 208
212 209
213 210
214 211
215 212
216 213
217 214
218 215
219 216
220 217
221 218
222 219
223 220
224 221
225 222
226 223
227 224
228 225
229 226
230 227
231 228
232 229
233 230
234 231
235 232
236 233
237 234
238 235
239 236
240 237
241 238
242 239
243 240
244 241
245 242
246 243
247 244
248 245
249 246
250 247
251 248
252 249
253 250
254 251
255 252
256 253
257 254
258 255
259 256
260 257
261 258
262 259
263 260
264 261
265 262
266 263
267 264
268 265
269 266
270 267
271 268
272 269
273 270
274 271
275 272
276 273
277 274
278 275
279 276
280 277
281 278
282 279
283 280
284 281
285 282
286 283
287 284
288 285
289 286
290 287
291 288
292 289
293 290
294 291
295 292
296 293
297 294
298 295
299 296
300 297
301 298
302 299
303 300
304 301
305 302
306 303
307 304
308 305
309 306
310 307
311 308
312 309
313 310
315 311
316 312
317 313
318 314
319 315
320 316
321 317
322 318
323 319
324 320
325 321
326 322
327 323
328 324
329 325
330 326
331 327
332 328
333 329
334 330
335 331
336 332
337 333
338 334
339 335
340 336
341 337
342 338
343 339
344 340
345 341
346 342
347 343
348 344
349 345
350 346
351 347
352 348
353 349
354 350
355 351
356 352
357 353
358 354
359 355
360 356
361 357
362 358
363 359
364 360
365 361
366 362
367 363
368 364
369 365
370 366
371 367
372 368
373 369
374 370
375 371
376 372
377 373
378 374
379 375
380 376
381 377
382 378
383 379
384 380
385 381
386 382
387 383
388 384
389 385
390 386
391 387
392 388
393 389
394 390
395 391
396 392
397 393
398 394
399 395
400 396
401 397
402 398
403 399
404 400
405 401
406 402
407 403
408 404
409 405
410 406
411 407
412 408
413 409
414 410
415 411
416 412
417 413
418 414
419 415
420 416
421 417
422 418
423 419
425 420
426 421
427 422
428 423
429 424
430 425
431 426
432 427
433 428
434 429
435 430
436 431
440 432
441 433
443 434
444 435
445 436
446 437
447 438
448 439
449 440
450 441
451 442
452 443
453 444
454 445
455 446
456 447
457 448
458 449
459 450
460 451
461 452
462 453
463 454
464 455
465 456
466 457
467 458
468 459
469 460
470 461
471 462
472 463
473 464
474 465
475 466
476 467
477 468
478 469
479 470
480 471
481 472
482 473
483 474
484 475
485 476
486 477
487 478
488 479
489 480
490 481
491 482
492 483
493 484
494 485
495 486
496 487
497 488
498 489
499 490
500 491
501 492
502 493
503 494
504 495
505 496
506 497
507 498
508 499
509 500
510 501
511 502
512 503
513 504
514 505
515 506
516 507
517 508
518 509
519 510
520 511
521 512
522 513
523 514
524 515
525 516
526 517
527 518
528 519
529 520
530 521
531 522
532 523
533 524
534 525
535 526
536 527
537 528
538 529
539 530
540 531
541 532
542 533
543 534
544 535
546 536
547 537
548 538
549 539
550 540
551 541
552 542
553 543
554 544
555 545
556 546
557 547
558 548
559 549
560 550
561 551
562 552
563 553
564 554
565 555
566 556
567 557
568 558
569 559
570 560
571 561
572 562
573 563
574 564
575 565
576 566
577 567
578 568
579 569
580 570
581 571
582 572
583 573
584 574
585 575
586 576
587 577
588 578
589 579
590 580
591 581
592 582
593 583
595 584
596 585
597 586
600 587
601 588
602 589
603 590
604 591
605 592
606 593
607 594
608 595
609 596
610 597
611 598
612 599
613 600
614 601
615 602
616 603
617 604
618 605
619 606
620 607
621 608
622 609
623 610
624 611
625 612
626 613
627 614
628 615
629 616
630 617
631 618
632 619
633 620
634 621
635 622
636 623
637 624
638 625
639 626
640 627
641 628
642 629
643 630
644 631
645 632
646 633
647 634
648 635
649 636
650 637
651 638
652 639
653 640
654 641
655 642
656 643
657 644
658 645
659 646
660 647
661 648
662 649
663 650
664 651
665 652
666 653
667 654
668 655
669 656
670 657
671 658
672 659
673 660
674 661
675 662
676 663
678 664
679 665
680 666
681 667
682 668
683 669
684 670
685 671
686 672
687 673
688 674
689 675
690 676
691 677
692 678
693 679
694 680
695 681
696 682
697 683
698 684
699 685
700 686
701 687
702 688
703 689
704 690
705 691
706 692
707 693
708 694
709 695
710 696
711 697
712 698
713 699
714 700
715 701
716 702
717 703
718 704
719 705
720 706
721 707
722 708
723 709
724 710
725 711
726 712
727 713
728 714
729 715
730 716
731 717
732 718
733 719
734 720
735 721
736 722
737 723
738 724
739 725
740 726
741 727
742 728
743 729
744 730
745 731
746 732
747 733
748 734
749 735
750 736
751 737
752 738
753 739
754 740
755 741
756 742
757 743
758 744
759 745
760 746
761 747
762 748
763 749
764 750
765 751
766 752
767 753
768 754
769 755
770 756
771 757
772 758
773 759
774 760
775 761
776 762
778 763
779 764
780 765
781 766
782 767
783 768
785 769
786 770
787 771
789 772
790 773
791 774
792 775
793 776
794 777
795 778
796 779
797 780
798 781
799 782
800 783
801 784
802 785
804 786
805 787
806 788
807 789
808 790
809 791
810 792
811 793
812 794
813 795
814 796
815 797
816 798
817 799
818 800
819 801
820 802
821 803
822 804
823 805
824 806
825 807
826 808
827 809
828 810
829 811
831 812
832 813
833 814
834 815
835 816
836 817
837 818
838 819
839 820
840 821
841 822
842 823
843 824
844 825
845 826
846 827
847 828
848 829
849 830
850 831
851 832
853 833
854 834
855 835
856 836
859 837
860 838
862 839
863 840
864 841
865 842
866 843
867 844
868 845
869 846
870 847
871 848
872 849
873 850
874 851
875 852
876 853
877 854
878 855
879 856
880 857
881 858
882 859
883 860
884 861
885 862
886 863
887 864
888 865
889 866
890 867
891 868
892 869
893 870
894 871
895 872
896 873
898 874
899 875
900 876
901 877
902 878
903 879
904 880
905 881
906 882
908 883
909 884
912 885
913 886
914 887
915 888
916 889
917 890
918 891
919 892
920 893
921 894
922 895
923 896
924 897
925 898
926 899
927 900
928 901
929 902
930 903
931 904
932 905
933 906
934 907
935 908
936 909
937 910
938 911
939 912
940 913
941 914
942 915
943 916
944 917
945 918
946 919
947 920
948 921
949 922
950 923
951 924
952 925
953 926
954 927
955 928
956 929
958 930
959 931
960 932
961 933
962 934
963 935
964 936
965 937
966 938
967 939
968 940
969 941
970 942
971 943
972 944
973 945
974 946
975 947
976 948
977 949
978 950
979 951
980 952
982 953
983 954
984 955
985 956
986 957
988 958
989 959
990 960
991 961
992 962
993 963
994 964
995 965
996 966
997 967
998 968
999 969
1000 970
1001 971
1002 972
1003 973
1004 974
1005 975
1006 976
1007 977
1008 978
1009 979
1010 980
1011 981
1012 982
1013 983
1014 984
1015 985
1016 986
1017 987
1018 988
1019 989
1020 990
1021 991
1022 992
1023 993
1024 994
1025 995
1026 996
1027 997
1028 998
1029 999
1030 1000
1031 1001
1032 1002
1033 1003
1034 1004
1035 1005
1036 1006
1037 1007
1038 1008
1039 1009
1040 1010
1041 1011
1042 1012
1043 1013
1044 1014
1045 1015
1046 1016
1047 1017
1048 1018
1049 1019
1050 1020
1051 1021
1052 1022
1053 1023
1054 1024
1055 1025
1056 1026
1057 1027
1058 1028
1059 1029
1060 1030
1061 1031
1062 1032
1063 1033
1064 1034
1065 1035
1066 1036
1067 1037
1068 1038
1069 1039
1070 1040
1071 1041
1072 1042
1073 1043
1074 1044
1075 1045
1077 1046
1078 1047
1079 1048
1080 1049
1081 1050
1084 1051
1085 1052
1086 1053
1087 1054
1088 1055
1089 1056
1090 1057
1091 1058
1093 1059
1094 1060
1095 1061
1097 1062
1098 1063
1099 1064
1100 1065
1101 1066
1102 1067
1103 1068
1104 1069
1105 1070
1106 1071
1107 1072
1108 1073
1109 1074
1110 1075
1111 1076
1112 1077
1113 1078
1114 1079
1115 1080
1116 1081
1117 1082
1118 1083
1119 1084
1120 1085
1121 1086
1122 1087
1123 1088
1124 1089
1125 1090
1126 1091
1127 1092
1128 1093
1129 1094
1130 1095
1131 1096
1132 1097
1133 1098
1134 1099
1135 1100
1136 1101
1137 1102
1138 1103
1139 1104
1140 1105
1141 1106
1142 1107
1143 1108
1144 1109
1145 1110
1147 1111
1148 1112
1149 1113
1150 1114
1152 1115
1153 1116
1154 1117
1155 1118
1157 1119
1158 1120
1159 1121
1160 1122
1161 1123
1163 1124
1166 1125
1167 1126
1168 1127
1169 1128
1170 1129
1171 1130
1172 1131
1173 1132
1174 1133
1175 1134
1176 1135
1177 1136
1178 1137
1179 1138
1180 1139
1181 1140
1183 1141
1184 1142
1185 1143
1186 1144
1187 1145
1188 1146
1189 1147
1190 1148
1191 1149
1192 1150
1193 1151
1194 1152
1195 1153
1196 1154
1197 1155
1198 1156
1199 1157
1200 1158
1201 1159
1202 1160
1203 1161
1204 1162
1205 1163
1206 1164
1207 1165
1208 1166
1209 1167
1210 1168
1211 1169
1212 1170
1214 1171
1215 1172
1216 1173
1217 1174
1218 1175
1219 1176
1220 1177
1221 1178
1222 1179
1223 1180
1224 1181
1225 1182
1226 1183
1227 1184
1228 1185
1229 1186
1231 1187
1232 1188
1233 1189
1234 1190
1235 1191
1237 1192
1238 1193
1239 1194
1240 1195
1241 1196
1242 1197
1243 1198
1244 1199
1245 1200
1248 1201
1249 1202
1251 1203
1252 1204
1253 1205
1255 1206
1258 1207
1260 1208
1261 1209
1262 1210
1263 1211
1264 1212
1265 1213
1266 1214
1267 1215
1268 1216
1269 1217
1271 1218
1273 1219
1275 1220
1276 1221
1277 1222
1278 1223
1279 1224
1280 1225
1281 1226
1282 1227
1283 1228
1284 1229
1285 1230
1286 1231
1288 1232
1289 1233
1291 1234
1293 1235
1294 1236
1295 1237
1296 1238
1297 1239
1298 1240
1299 1241
1300 1242
1301 1243
1302 1244
1303 1245
1304 1246
1305 1247
1306 1248
1311 1249
1312 1250
1313 1251
1315 1252
1316 1253
1317 1254
1321 1255
1323 1256
1324 1257
1326 1258
1327 1259
1328 1260
1331 1261
1333 1262
1335 1263
1338 1264
1342 1265
1344 1266
1346 1267
1347 1268
1353 1269
1355 1270
1356 1271
1357 1272
1358 1273
1361 1274
1367 1275
1368 1276
1369 1277
1370 1278
1372 1279
1375 1280
1376 1281
1377 1282
1379 1283
1380 1284
1381 1285
1383 1286
1385 1287
1386 1288
1388 1289
1389 1290
1391 1291
1392 1292
1394 1293
1395 1294
1396 1295
1397 1296
1398 1297
1399 1298
1400 1299
1401 1300
1402 1301
1403 1302
1404 1303
1405 1304
1406 1305
1409 1306
1410 1307
1411 1308
1413 1309
1415 1310
1418 1311
1419 1312
1421 1313
1425 1314
1426 1315
1427 1316
1428 1317
1429 1318
1431 1319
1434 1320
1435 1321
1438 1322
1439 1323
1440 1324
1442 1325
1443 1326
1444 1327
1445 1328
1446 1329
1448 1330
1449 1331
1450 1332
1451 1333
1452 1334
1454 1335
1456 1336
1458 1337
1459 1338
1462 1339
1463 1340
1464 1341
1466 1342
1467 1343
1468 1344
1469 1345
1470 1346
1471 1347
1472 1348
1473 1349
1474 1350
1475 1351
1478 1352
1479 1353
1480 1354
1481 1355
1482 1356
1483 1357
1484 1358
1485 1359
1488 1360
1490 1361
1491 1362
1492 1363
1495 1364
1496 1365
1497 1366
1498 1367
1499 1368
1500 1369
1501 1370
1503 1371
1504 1372
1505 1373
1506 1374
1511 1375
1512 1376
1514 1377
1515 1378
1516 1379
1517 1380
1518 1381
1519 1382
1523 1383
1524 1384
1525 1385
1526 1386
1527 1387
1529 1388
1531 1389
1533 1390
1534 1391
1535 1392
1536 1393
1537 1394
1540 1395
1541 1396
1542 1397
1544 1398
1545 1399
1547 1400
1553 1401
1554 1402
1555 1403
1558 1404
1560 1405
1573 1406
1585 1407
1589 1408
1591 1409
1592 1410
1593 1411
1594 1412
1597 1413
1598 1414
1599 1415
1600 1416
1602 1417
1604 1418
1605 1419
1607 1420
1612 1421
1613 1422
1615 1423
1616 1424
1617 1425
1620 1426
1622 1427
1623 1428
1625 1429
1628 1430
1629 1431
1631 1432
1636 1433
1639 1434
1642 1435
1643 1436
1645 1437
1646 1438
1650 1439
1651 1440
1653 1441
1656 1442
1658 1443
1662 1444
1664 1445
1674 1446
